strategic_region = {
	id = 140
	name = "STRATEGICREGION_140"

	naval_terrain = water_deep_ocean
	provinces = {
		9 13 16 19 24 25 28 29 33 34 41 42 43 50 51 54 55 56 59 213 218 220 224 229 230 234 235 240 244 245 251 258 262 263 264 267 412 416 419 420 423 427 430 431 435 436 440 448 455 459 460 461 465 600 601 604 608 612 613 621 622 623 627 633 639 643 644 645 647 787 791 795 796 802 807 808 812 816 821 825 834 838 839 840 842 850 853 855 994 995 998 999 1000 1002 1003 1007 1011 1012 1022 1025 1039 1042 1044 1045 1049 1085 1098 1208 1212 1215 1218 1219 1221 1222 1224 1226 1231 1232 1234 1235 1236 1237 1241 1242 1259 1261 1263 1264 1265 1266 1269 1270 1274 1280 1283 1286 1288 1293 1298 1300 1301 1306 1310 1311 1313 1322 1326 1329 1332 1339 1340 1342 1345 1351 1355 1358 1361 1368 1370 1372 1379 1388 1389 1401 1407 1415 1419 1421 1435 1437 1439 1442 1443 1445 1447 1451 1456 1457 1458 1459 1466 1470 1471 1486 1487 1490 1494 1495 1498 1501 1505 1512 1514 1515 1516 1518 1546 1557 1565 1574 1589 1602 1617 1629 1644 1669 1670 1673 1677 1681 1682 1686 1687 1692 1695 1710 1712 1715 1716 1720 1723 1730 1735 1742 1755 1759 1773 1799 1802 1814 1819 1820 1823 1839 1863 1865 1889 1895 1899 1902 1903 1904 1906 1907 1912 1917 1921 1928 1935 1936 1940 1941 1942 1944 1946 1981 1990 2111 2113 2116 2118 2121 2122 2124 2125 2128 2129 2130 2139 2140 2141 2142 2143 2144 2148 2166 2186 2187 2188 2197 2231 2232 2235 2237 2238 2239 2240 2241 2242 2246 2247 2249 2250 2251 2252 2254 2255 2258 2260 2261 2262 2263 2264 2265 2267 2268 2269 2272 2275 2276 2277 2278 2279 2280 2281 2283 2284 2286 2287 2288 2289 2290 2291 2294 2295 2301 2302 2303 2304 2305 2306 2307 2308 2310 2311 2313 2314 2315 2316 2317 2320 2321 2327 2328 2329 2330 2331 2334 2335 2337 2338 2339 2340 2341 2342 2344 2345 2351 2352 2353 2354 2355 2357 2359 2360 2362 2363 2364 2365 2366 2367 2370 2371 2376 2377 2378 2379 2380 2384 2386 2387 2388 2389 2390 2391 2394 2395 2401 2403 2404 2406 2410 2412 2413 2414 2415 2416 2419 2420 2426 2427 2428 2429 2430 2432 2433 2435 2436 2438 2439 2440 2441 2443 2450 2451 2452 2453 2454 2456 2457 2459 2460 2461 2462 2463 2467 2475 2476 2477 2479 2482 2484 2485 2487 2488 2489 2490 2491 2493 2500 2501 2502 2503 2505 2508 2509 2510 2512 2513 2514 2515 2517 2519 2521 2524 2525 2526 2527 2528 2529 2530 2531 2532 2533 2534 2535 2536 2537 2538 2540 2542 2547 2548 2549 2550 2551 2552 2553 2554 2556 2557 2558 2559 2560 2562 2564 2572 2573 2574 2575 2576 2577 2579 2580 2581 2582 2583 2585 2586 2588 2590 2592 2594 2598 2599 2600 2601 2602 2603 2606 2607 2608 2609 2611 2612 2613 2614 2615 2617 2619 2622 2623 2624 2626 2627 2628 2629 2631 2632 2633 2634 2636 2637 2638 2639 2640 2643 2646 2647 2648 2649 2650 2651 2652 2654 2655 2656 2657 2658 2661 2662 2663 2664 2665 2666 2669 2672 2673 2674 2675 2676 2677 2678 2680 2681 2682 2683 2684 2686 2687 2688 2689 2690 2691 2694 2696 2697 2698 2699 2700 2701 2702 2704 2705 2706 2707 2708 2710 2711 2712 2713 2714 2716 2721 2722 2723 2724 2725 2726 2727 2728 2730 2732 2733 2734 2735 2736 2737 2738 2739 2744 2745 2746 2747 2748 2749 2750 2751 2753 2755 2756 2757 2758 2759 2760 2762 2769 2770 2771 2772 2773 2774 2776 2779 2780 2781 2783 2784 2785 2787 2790 2792 2793 2794 2795 2796 2797 2798 2800 2802 2803 2804 2806 2807 2808 2809 2810 2811 2816 2818 2819 2820 2821 2822 2823 2827 2828 2829 2831 2832 2833 2835 2837 2839 2841 2842 2844 2845 2846 2848 2849 2850 2851 2852 2855 2856 2857 2859 2862 2866 2868 2869 2870 2872 2874 2875 2876 2877 2879 2880 2881 2882 2883 2886 2889 2890 2892 2893 2894 2896 2898 2899 2900 2901 2902 2903 2904 2906 2911 2912 2913 2915 2916 2917 2919 2921 2922 2925 2926 2927 2928 2930 2933 2937 2939 2940 2941 2943 2945 2946 2947 2949 2950 2951 2952 2954 2957 2959 2961 2963 2964 2965 2967 2969 2970 2971 2974 2975 2978 2980 2983 2986 2987 2989 2990 2991 3001 3002 3006 3014 3015 3018 3019 3020 3024 3032 3042 3046 3047 3051 3052 3184 3200 3201 3204 3212 3213 3218 3223 3233 3239 3243 3248 3249 3252 3253 3408 3411 3419 3420 3424 3425 3428 3429 3436 3442 3445 3450 3451 3453 3454 3456 3471 3591 3599 3600 3603 3606 3610 3611 3615 3616 3620 3633 3634 3637 3642 3643 3647 3648 3792 3793 3797 3801 3804 3805 3808 3809 3813 3827 3831 3836 3837 3840 3841 3842 3854 3997 3998 4002 4006 4011 4012 4013 4015 4016 4021 4028 4034 4036 4039 4043 4044 4048 4049 4068 4180 4186 4211 4220 4221 4225 4226 4228 4229 4231 4233 4234 4235 4239 4240 4241 4244 4247 4252 4259 4262 4263 4266 4267 4268 4269 4271 4273 4276 4282 4288 4289 4292 4301 4304 4306 4307 4317 4320 4329 4332 4334 4346 4349 4352 4357 4358 4364 4373 4377 4378 4381 4387 4393 4399 4418 4421 4427 4428 4429 4436 4447 4448 4451 4455 4460 4461 4465 4466 4468 4471 4475 4483 4485 4487 4489 4493 4494 4497 4498 4502 4505 4509 4520 4524 4537 4552 4560 4564 4567 4579 4593 4635 4645 4648 4658 4671 4672 4676 4682 4683 4684 4688 4689 4694 4705 4708 4712 4717 4721 4722 4728 4744 4752 4763 4776 4810 4823 4864 4894 4895 4899 4902 4906 4907 4911 4912 4917 4931 4934 4935 4940 4944 4945 4950 4967 4982 5023 5113 5114 5123 5124 5126 5127 5130 5135 5136 5142 5144 5145 5147 5149 5150 5159 5173 5183 5201 5206 5209 5215 5237 5238 5239 5241 5242 5243 5244 5246 5252 5253 5254 5255 5256 5257 5261 5262 5264 5266 5267 5268 5269 5271 5277 5278 5279 5280 5281 5282 5285 5286 5288 5289 5290 5293 5294 5295 5296 5298 5304 5305 5306 5307 5308 5309 5314 5315 5319 5320 5321 5322 5324 5327 5330 5331 5333 5334 5335 5339 5341 5342 5343 5344 5345 5347 5353 5354 5356 5357 5358 5359 5363 5364 5366 5367 5369 5370 5371 5375 5376 5377 5378 5379 5380 5381 5383 5385 5387 5389 5390 5391 5392 5394 5400 5401 5402 5403 5404 5405 5406 5408 5410 5411 5414 5415 5416 5418 5421 5424 5425 5426 5428 5429 5430 5432 5434 5435 5438 5439 5440 5442 5448 5449 5450 5451 5452 5453 5457 5461 5462 5463 5466 5467 5473 5474 5475 5476 5477 5478 5481 5482 5485 5486 5487 5488 5489 5492 5493 5499 5500 5501 5502 5503 5504 5508 5510 5512 5514 5515 5519 5522 5525 5526 5527 5528 5529 5530 5533 5534 5539 5546 5549 5551 5552 5553 5554 5556 5558 5559 5562 5563 5564 5573 5574 5575 5576 5577 5578 5582 5583 5586 5587 5588 5589 5599 5600 5601 5602 5603 5604 5609 5611 5612 5613 5614 5615 5618 5625 5626 5627 5628 5629 5630 5633 5634 5636 5638 5639 5640 5641 5644 5645 5650 5652 5653 5654 5655 5659 5660 5661 5663 5664 5665 5666 5675 5677 5678 5679 5680 5683 5685 5686 5689 5690 5691 5692 5694 5695 5701 5703 5704 5705 5706 5709 5711 5715 5716 5717 5718 5724 5727 5728 5729 5730 5731 5732 5735 5741 5742 5743 5744 5745 5748 5753 5755 5756 5757 5758 5761 5762 5763 5766 5767 5768 5769 5770 5772 5773 5776 5779 5781 5782 5783 5784 5785 5787 5788 5789 5790 5793 5794 5795 5796 5797 5802 5805 5807 5808 5809 5810 5811 5814 5815 5816 5819 5820 5821 5822 5823 5824 5828 5831 5832 5833 5834 5835 5836 5837 5840 5841 5842 5846 5847 5848 5849 5850 5854 5856 5857 5859 5860 5861 5862 5866 5867 5868 5869 5870 5871 5872 5873 5874 5875 5876 5879 5882 5883 5885 5886 5887 5888 5892 5893 5894 5895 5896 5897 5898 5899 5900 5901 5903 5906 5908 5909 5910 5911 5914 5915 5916 5917 5919 5920 5921 5922 5923 5924 5926 5930 5932 5933 5934 5935 5938 5939 5940 5941 5942 5943 5944 5945 5946 5947 5948 5951 5954 5956 5957 5958 5959 5960 5962 5963 5964 5965 5966 5967 5968 5969 5970 5975 5978 5980 5981 5982 5983 5984 5986 5987 5988 5990 5991 5992 5993 5995 5998 6001 6002 6003 6004 6005 6006 6007 6014 6018 6019 6026 6030 6031 6032 6036 6037 6060 6064 6065 6068 6223 6227 6228 6238 6239 6240 6244 6256 6267 6271 6272 6276 6422 6425 6426 6427 6434 6437 6438 6439 6442 6443 6467 6471 6472 6475 6612 6616 6617 6627 6628 6629 6632 6633 6653 6655 6659 6660 6663 6684 6805 6809 6810 6819 6820 6821 6824 6825 6827 6833 6847 6849 6853 6854 6858 6870 6987 7009 7010 7016 7022 7023 7024 7028 7029 7037 7051 7053 7056 7057 7061 7062 7088 7093 7099 7105 7112 7133 7195 7234 7235 7246 7247 7248 7251 7252 7264 7269 7275 7276 7278 7282 7283 7284 7286 7287 7293 7305 7307 7308 7309 7311 7321 7323 7324 7333 7336 7339 7349 7351 7352 7360 7362 7365 7369 7378 7385 7389 7390 7393 7409 7412 7413 7417 7419 7423 7437 7440 7445 7461 7467 7472 7473 7474 7478 7481 7487 7496 7502 7503 7505 7506 7509 7510 7512 7514 7515 7525 7529 7533 7538 7542 7557 7564 7566 7570 7585 7598 7610 7614 7627 7672 7686 7690 7698 7699 7700 7704 7728 7730 7734 7735 7739 7740 7764 7782 7801 7818 7859 7878 7914 7918 7927 7928 7929 7932 7942 7949 7952 7955 7957 7961 7962 7966 7967 7987 8000 8006 8051 8056 8137 8139 8145 8146 8147 8150 8163 8166 8168 8169 8170 8171 8173 8174 8186 8198 8212 8218 8230 8235 8250 8260 8261 8264 8265 8266 8269 8274 8275 8277 8278 8279 8280 8281 8286 8287 8290 8291 8292 8301 8303 8304 8305 8307 8312 8313 8315 8316 8317 8318 8327 8329 8330 8331 8333 8338 8341 8342 8343 8353 8355 8356 8357 8359 8365 8366 8368 8369 8371 8380 8382 8383 8384 8391 8394 8395 8396 8405 8407 8408 8409 8410 8412 8419 8420 8421 8429 8431 8432 8433 8439 8440 8443 8444 8445 8455 8457 8458 8459 8465 8466 8467 8470 8471 8472 8477 8483 8485 8486 8487 8488 8493 8494 8497 8498 8499 8504 8510 8511 8512 8513 8514 8515 8519 8520 8523 8524 8525 8535 8536 8537 8538 8539 8540 8545 8547 8548 8552 8558 8559 8560 8561 8562 8563 8564 8568 8570 8571 8572 8573 8575 8581 8582 8583 8584 8585 8586 8590 8591 8593 8594 8595 8605 8606 8607 8608 8609 8610 8611 8615 8616 8619 8620 8623 8633 8634 8635 8636 8637 8638 8639 8641 8642 8643 8644 8647 8648 8649 8652 8653 8659 8660 8661 8662 8663 8664 8666 8669 8670 8671 8673 8674 8675 8676 8681 8685 8686 8687 8688 8689 8690 8695 8696 8699 8700 8701 8706 8710 8711 8712 8713 8714 8715 8716 8719 8720 8721 8724 8725 8726 8727 8735 8736 8738 8739 8740 8741 8742 8746 8747 8750 8751 8754 8761 8762 8763 8764 8765 8766 8770 8773 8774 8783 8784 8785 8786 8787 8788 8790 8791 8792 8794 8795 8796 8797 8800 8805 8806 8807 8808 8809 8810 8811 8812 8814 8816 8817 8820 8821 8822 8826 8828 8832 8833 8834 8835 8836 8837 8842 8843 8844 8846 8847 8848 8852 8855 8857 8858 8859 8860 8861 8862 8863 8869 8872 8873 8881 8883 8884 8885 8886 8887 8888 8893 8894 8896 8897 8898 8906 8907 8908 8909 8911 8913 8915 8916 8917 8919 8920 8921 8931 8933 8934 8936 8938 8939 8942 8943 8944 8945 8954 8956 8957 8959 8961 8963 8966 8967 8968 8969 8979 8981 8982 8984 8986 8987 8990 8991 8992 8993 9002 9004 9005 9007 9009 9011 9014 9015 9016 9017 9018 9026 9028 9029 9037 9040 9044 9048 9052 9053 9080 9085 9086 9087 9091 9952 9974 10000 10011 10048 10058 10141 10143 10145 10147 10150 10153 10160 10165 10166 10175 10184 10186 10188 10191 10197 10199 10206 10214 10219 10222 10231 10234 10236 10240 10243 10248 10251 10260 10263 10265 10272 10280 10287 10291 10300 10302 10306 10319 10321 10328 10334 10336 10338 10342 10350 10365 10368 10369 10378 10396 10409 10423 10436 10450 10460 10464 10475 10487 10505 10540 10622 10707 10721 10722 10906 10936 10941 10954 10955 10961 10974 10979 10983 10990 10993 11004 11006 11018 11122 11607 11928 12021 
	}

	weather = {
		period = {
			between = { 0.0 30.0 }
			temperature = { -10 35 }
			no_phenomenon = 1.5
			rain_light = 0.25
			rain_heavy = 0.1
			snow = 0
			blizzard = 0
			arctic_water = 0
			mud = 0
			sandstorm = 0
			min_snow_level = 0
		}
		period = {
			between = { 0.1 27.1 }
			temperature = { -10 35 }
			no_phenomenon = 1.5
			rain_light = 0.25
			rain_heavy = 0.1
			snow = 0
			blizzard = 0
			arctic_water = 0
			mud = 0
			sandstorm = 0
			min_snow_level = 0
		}
		period = {
			between = { 0.2 30.2 }
			temperature = { -10 35 }
			no_phenomenon = 1.5
			rain_light = 0.25
			rain_heavy = 0.1
			snow = 0
			blizzard = 0
			arctic_water = 0
			mud = 0
			sandstorm = 0
			min_snow_level = 0
		}
		period = {
			between = { 0.3 29.3 }
			temperature = { -10 35 }
			no_phenomenon = 1.5
			rain_light = 0.25
			rain_heavy = 0.1
			snow = 0
			blizzard = 0
			arctic_water = 0
			mud = 0
			sandstorm = 0
			min_snow_level = 0
		}
		period = {
			between = { 0.4 30.4 }
			temperature = { -10 35 }
			no_phenomenon = 1.5
			rain_light = 0.25
			rain_heavy = 0.1
			snow = 0
			blizzard = 0
			arctic_water = 0
			mud = 0
			sandstorm = 0
			min_snow_level = 0
		}
		period = {
			between = { 0.5 29.5 }
			temperature = { -10 35 }
			no_phenomenon = 1.5
			rain_light = 0.25
			rain_heavy = 0.1
			snow = 0
			blizzard = 0
			arctic_water = 0
			mud = 0
			sandstorm = 0
			min_snow_level = 0
		}
		period = {
			between = { 0.6 30.6 }
			temperature = { -10 35 }
			no_phenomenon = 1.5
			rain_light = 0.25
			rain_heavy = 0.1
			snow = 0
			blizzard = 0
			arctic_water = 0
			mud = 0
			sandstorm = 0
			min_snow_level = 0
		}
		period = {
			between = { 0.7 30.7 }
			temperature = { -10 35 }
			no_phenomenon = 1.5
			rain_light = 0.25
			rain_heavy = 0.1
			snow = 0
			blizzard = 0
			arctic_water = 0
			mud = 0
			sandstorm = 0
			min_snow_level = 0
		}
		period = {
			between = { 0.8 29.8 }
			temperature = { -10 35 }
			no_phenomenon = 1.5
			rain_light = 0.25
			rain_heavy = 0.1
			snow = 0
			blizzard = 0
			arctic_water = 0
			mud = 0
			sandstorm = 0
			min_snow_level = 0
		}
		period = {
			between = { 0.9 30.9 }
			temperature = { -10 35 }
			no_phenomenon = 1.5
			rain_light = 0.25
			rain_heavy = 0.1
			snow = 0
			blizzard = 0
			arctic_water = 0
			mud = 0
			sandstorm = 0
			min_snow_level = 0
		}
		period = {
			between = { 0.10 29.10 }
			temperature = { -10 35 }
			no_phenomenon = 1.5
			rain_light = 0.25
			rain_heavy = 0.1
			snow = 0
			blizzard = 0
			arctic_water = 0
			mud = 0
			sandstorm = 0
			min_snow_level = 0
		}
		period = {
			between = { 0.11 30.11 }
			temperature = { -10 35 }
			no_phenomenon = 1.5
			rain_light = 0.25
			rain_heavy = 0.1
			snow = 0
			blizzard = 0
			arctic_water = 0
			mud = 0
			sandstorm = 0
			min_snow_level = 0
		}
	}
}
