1 22 
1 69 
1 81 
1 84 
1 85 
1 124 
1 150 
1 176 
1 179 
1 195 
1 200 
1 212 
1 297 
1 304 
1 351 
1 389 
1 404 
1 405 
1 457 
1 488 
1 489 
1 511 
1 569 
1 585 
1 586 
1 588 
1 624 
1 668 
1 688 
1 705 
1 715 
1 722 
1 745 
1 748 
1 753 
1 767 
1 773 
1 782 
1 784 
1 829 
1 869 
1 874 
1 886 
1 906 
1 907 
1 950 
1 963 
1 1010 
1 1027 
1 1034 
1 1036 
1 1086 
1 1114 
1 1142 
1 1166 
1 1170 
1 1209 
1 1248 
1 1295 
1 1307 
1 1325 
1 1366 
1 1373 
1 1383 
1 1427 
1 1464 
1 1543 
1 1554 
1 1603 
1 1614 
1 1643 
1 1680 
1 1792 
1 1817 
1 1831 
1 1832 
1 1937 
1 1948 
1 1963 
1 1964 
1 1973 
1 1983 
1 2029 
1 2044 
1 2059 
1 2064 
1 2082 
1 2083 
1 2154 
1 2156 
1 2179 
1 2225 
1 2998 
1 3044 
1 3069 
1 3144 
1 3159 
1 3162 
1 3164 
1 3217 
1 3305 
1 3329 
1 3335 
1 3338 
1 3369 
1 3431 
1 3444 
1 3511 
1 3584 
1 3602 
1 3645 
1 3653 
1 3663 
1 3698 
1 3756 
1 3774 
1 3777 
1 3814 
1 3844 
1 3875 
1 3877 
1 3880 
1 3887 
1 3893 
1 3900 
1 3915 
1 3920 
1 3921 
1 3937 
1 3953 
1 3983 
1 4010 
1 4027 
1 4074 
1 4080 
1 4089 
1 4106 
1 4107 
1 4111 
1 4132 
1 4143 
1 4157 
1 4167 
1 4190 
1 4194 
1 4205 
1 4206 
1 4341 
1 4342 
1 4347 
1 4351 
1 4359 
1 4374 
1 4382 
1 4404 
1 4467 
1 4469 
1 4503 
1 4516 
1 4528 
1 4535 
1 4548 
1 4559 
1 4573 
1 4643 
1 4704 
1 4729 
1 4730 
1 4742 
1 4747 
1 4774 
1 4777 
1 4815 
1 4821 
1 4868 
1 4870 
1 4892 
1 4910 
1 4979 
1 5013 
1 5063 
1 5069 
1 5118 
1 5131 
1 5188 
1 5203 
1 5228 
1 6015 
1 6023 
1 6029 
1 6081 
1 6157 
1 6165 
1 6166 
1 6196 
1 6208 
1 6231 
1 6259 
1 6280 
1 6284 
1 6350 
1 6355 
1 6412 
1 6415 
1 6482 
1 6502 
1 6598 
1 6699 
1 6719 
1 6732 
1 6752 
1 6757 
1 6789 
1 6797 
1 6811 
1 6812 
1 6846 
1 6919 
1 6922 
1 6925 
1 6931 
1 6935 
1 6950 
1 6963 
1 6991 
1 6996 
1 6997 
1 7055 
1 7077 
1 7091 
1 7106 
1 7118 
1 7128 
1 7146 
1 7148 
1 7178 
1 7192 
1 7197 
1 7201 
1 7204 
1 7210 
1 7222 
1 7266 
1 7273 
1 7331 
1 7342 
1 7347 
1 7374 
1 7395 
1 7463 
1 7536 
1 7560 
1 7572 
1 7584 
1 7588 
1 7645 
1 7654 
1 7738 
1 7748 
1 7754 
1 7776 
1 7786 
1 7790 
1 7803 
1 7817 
1 7823 
1 7864 
1 7868 
1 7986 
1 8003 
1 8007 
1 8043 
1 8053 
1 8054 
1 8072 
1 8073 
1 8079 
1 8101 
1 8106 
1 8131 
1 8207 
1 8210 
1 8622 
1 9110 
1 9118 
1 9122 
1 9150 
1 9158 
1 9164 
1 9195 
1 9208 
1 9235 
1 9236 
1 9248 
1 9267 
1 9275 
1 9301 
1 9332 
1 9351 
1 9357 
1 9375 
1 9406 
1 9411 
1 9446 
1 9457 
1 9463 
1 9470 
1 9477 
1 9485 
1 9531 
1 9604 
1 9606 
1 9630 
1 9677 
1 9693 
1 9711 
1 9713 
1 9741 
1 9744 
1 9773 
1 9806 
1 9854 
1 9867 
1 9876 
1 9885 
1 9887 
1 9918 
1 9946 
1 9957 
1 9962 
1 9973 
1 9991 
1 9993 
1 10001 
1 10005 
1 10020 
1 10025 
1 2247 
1 5630 
1 2521 
1 2622 
1 8292 
1 5724 
1 2359 
1 2783 
1 8260 
1 4461 
1 8747 
1 807 
1 7323 
1 5510 
1 5124 
1 1546 
1 5293 
1 4241 
1 2857 
1 1421 
1 7557 
1 7413 
1 5406 
1 5309 
1 5709 
1 2672 
1 1735 
1 1561 
1 5944 
1 1447 
1 5391 
1 3808 
1 1823 
1 4317 
1 8477 
1 5894 
1 5539 
1 3809 
1 5257 
1 2798 
1 7957 
1 2678 
1 5706 
1 5785 
1 5727 
1 1270 
1 7955 
1 5552 
1 5410 
1 5237 
1 5380 
1 5951 
1 9080 
1 8858 
1 8558 
1 5783 
1 5908 
1 5807 
1 8762 
1 8607 
1 8513 
1 4049 
1 2964 
1 2845 
1 2773 
1 8991 
1 7542 
1 5320 
1 5622 
1 2983 
1 2933 
1 2681 
1 2330 
1 8331 
1 9086 
1 7282 
1 2969 
1 5966 
1 8979 
1 8931 
1 2647 
1 2286 
1 5882 
1 5425 
1 8638 
1 8786 
1 5551 
1 5957 
1 4520 
1 4505 
1 1686 
1 1629 
1 2776 
1 5819 
1 2239 
1 3813 
1 2235 
1 2491 
1 8267 
1 8151 
1 2266 
1 8541 
1 8516 
1 8489 
1 5413 
1 2882 
1 4632 
1 5591 
1 7798 
1 5225 
1 4791 
1 2299 
1 5635 
1 2955 
1 2948 
1 8771 
1 8209 
1 5263 
1 2201 
1 5566 
1 2539 
1 2433 
1 5175 
1 5355 
1 2891 
1 8347 
1 2437 
1 5247 
1 2635 
1 5395 
1 2561 
1 2778 
1 4699 
1 2108 
1 5855 
1 2791 
1 8324 
1 8849 
1 8551 
1 8424 
1 8744 
1 2765 
1 2742 
1 1513 
1 8310 
1 5521 
1 5350 
1 5274 
1 250 
